100 3008
   1,  1,  2, 1890
   2,  1,  4, 1193
   3,  1,  5, 2864
   4,  1,  7, 1814
   5,  1,  9, 1599
   6,  1, 11, 1069
   7,  1, 13, 2564
   8,  1, 14, 2566
   9,  1, 16, 1413
  10,  1, 17, 1363
  11,  1, 18, 1451
  12,  1, 19, 1009
  13,  1, 20, 1614
  14,  1, 22, 1644
  15,  1, 24, 1482
  16,  1, 25, 1393
  17,  1, 26, 1819
  18,  1, 27, 1621
  19,  1, 28,  740
  20,  1, 29, 2381
  21,  1, 30, 2226
  22,  1, 31, 1075
  23,  1, 33, 2923
  24,  1, 34, 1934
  25,  1, 35, 1813
  26,  1, 37, 2700
  27,  1, 38, 1233
  28,  1, 39, 2110
  29,  1, 44, 1946
  30,  1, 45, 1308
  31,  1, 47,  621
  32,  1, 48, 2587
  33,  1, 49,  690
  34,  1, 50, 1819
  35,  1, 51, 1168
  36,  1, 52, 2499
  37,  1, 53, 1205
  38,  1, 55, 2020
  39,  1, 59, 1283
  40,  1, 60, 1218
  41,  1, 62, 1414
  42,  1, 66, 1404
  43,  1, 67,  655
  44,  1, 68, 1728
  45,  1, 69, 1341
  46,  1, 71, 2981
  47,  1, 72, 1201
  48,  1, 73, 1610
  49,  1, 76, 2843
  50,  1, 77, 1282
  51,  1, 78, 2493
  52,  1, 81, 1505
  53,  1, 83, 2013
  54,  1, 84,  969
  55,  1, 85, 1946
  56,  1, 86, 1650
  57,  1, 88, 1578
  58,  1, 89,  899
  59,  1, 90,  773
  60,  1, 92,  353
  61,  1, 96, 2671
  62,  1, 97, 1140
  63,  2,  3, 1855
  64,  2,  4, 2502
  65,  2,  6, 2359
  66,  2,  7, 1407
  67,  2,  9, 1450
  68,  2, 10, 2712
  69,  2, 11, 2615
  70,  2, 13, 1278
  71,  2, 14, 1990
  72,  2, 15, 2839
  73,  2, 18, 3116
  74,  2, 23, 2251
  75,  2, 24, 3144
  76,  2, 25, 1015
  77,  2, 27, 1973
  78,  2, 29, 1842
  79,  2, 31, 1748
  80,  2, 32, 2265
  81,  2, 33, 1456
  82,  2, 35, 2173
  83,  2, 40,  510
  84,  2, 41, 2121
  85,  2, 43, 2152
  86,  2, 45, 2297
  87,  2, 46, 1933
  88,  2, 47, 2154
  89,  2, 48, 1845
  90,  2, 52, 1416
  91,  2, 53, 2876
  92,  2, 59, 2659
  93,  2, 61, 1028
  94,  2, 63, 2110
  95,  2, 66, 3008
  96,  2, 69,  666
  97,  2, 70, 3117
  98,  2, 71, 2041
  99,  2, 73,  618
 100,  2, 75, 2354
 101,  2, 76, 1385
 102,  2, 77, 2002
 103,  2, 78, 1425
 104,  2, 82,  687
 105,  2, 83, 1605
 106,  2, 87, 1328
 107,  2, 88, 2814
 108,  2, 89, 1685
 109,  2, 90, 2618
 110,  2, 92, 1963
 111,  2, 93, 1404
 112,  2, 94, 3238
 113,  2, 96, 1580
 114,  2, 97, 2284
 115,  2,100, 2003
 116,  3,  4, 3557
 117,  3,  5, 1308
 118,  3,  6, 2808
 119,  3,  8, 2834
 120,  3,  9, 1018
 121,  3, 10, 2935
 122,  3, 11, 2612
 123,  3, 12,  793
 124,  3, 15, 2672
 125,  3, 16, 3546
 126,  3, 17, 2342
 127,  3, 19, 3334
 128,  3, 22, 3932
 129,  3, 24, 3373
 130,  3, 25, 1225
 131,  3, 27, 1087
 132,  3, 30,  812
 133,  3, 32, 2340
 134,  3, 33, 1693
 135,  3, 34,  728
 136,  3, 35, 1222
 137,  3, 38, 3612
 138,  3, 39, 1183
 139,  3, 41,  798
 140,  3, 42, 2866
 141,  3, 44, 1699
 142,  3, 47, 2264
 143,  3, 48,  714
 144,  3, 50, 1315
 145,  3, 52,  829
 146,  3, 53, 3366
 147,  3, 55,  688
 148,  3, 56, 3229
 149,  3, 57, 1284
 150,  3, 58, 1852
 151,  3, 60, 1550
 152,  3, 61, 1667
 153,  3, 63, 2521
 154,  3, 64, 1972
 155,  3, 65, 3781
 156,  3, 68, 1334
 157,  3, 69, 1745
 158,  3, 70, 3942
 159,  3, 72, 2884
 160,  3, 75, 2870
 161,  3, 79, 3485
 162,  3, 81, 1278
 163,  3, 82, 1772
 164,  3, 83,  834
 165,  3, 85, 1043
 166,  3, 86, 1053
 167,  3, 87, 1096
 168,  3, 88, 3664
 169,  3, 89, 2707
 170,  3, 92, 2897
 171,  3, 94, 3805
 172,  3, 95, 1796
 173,  3, 96, 1139
 174,  3, 98, 1836
 175,  3, 99, 3509
 176,  3,100,  769
 177,  4,  5, 3485
 178,  4,  6, 1185
 179,  4,  7, 2777
 180,  4,  9, 2526
 181,  4, 10, 1263
 182,  4, 11, 1765
 183,  4, 14, 3445
 184,  4, 15, 1897
 185,  4, 17, 2006
 186,  4, 18, 1306
 187,  4, 19,  674
 188,  4, 23, 2218
 189,  4, 25, 2548
 190,  4, 26,  445
 191,  4, 27, 2946
 192,  4, 28, 1649
 193,  4, 29, 3334
 194,  4, 31,  948
 195,  4, 33, 3599
 196,  4, 36, 1631
 197,  4, 40, 2109
 198,  4, 41, 4090
 199,  4, 45, 2015
 200,  4, 47, 1682
 201,  4, 48, 3621
 202,  4, 52, 3632
 203,  4, 53,  785
 204,  4, 55, 3004
 205,  4, 56,  736
 206,  4, 57, 2848
 207,  4, 60, 2610
 208,  4, 61, 2116
 209,  4, 63,  998
 210,  4, 64, 2494
 211,  4, 65,  508
 212,  4, 67, 1641
 213,  4, 69, 2202
 214,  4, 72, 1548
 215,  4, 74, 1630
 216,  4, 75,  580
 217,  4, 76, 3758
 218,  4, 77, 2303
 219,  4, 78, 3515
 220,  4, 80, 1144
 221,  4, 82, 3132
 222,  4, 83, 2947
 223,  4, 86, 2940
 224,  4, 88, 1015
 225,  4, 89, 1212
 226,  4, 91, 2050
 227,  4, 92, 1144
 228,  4, 93, 1628
 229,  4, 95, 3309
 230,  4, 97,  426
 231,  4, 98, 1955
 232,  4,100, 3781
 233,  5,  6, 3149
 234,  5,  7, 1788
 235,  5, 10, 3334
 236,  5, 11, 3103
 237,  5, 12, 1831
 238,  5, 15, 3025
 239,  5, 18, 3927
 240,  5, 21, 3313
 241,  5, 24, 3699
 242,  5, 26, 3846
 243,  5, 27, 1935
 244,  5, 28, 2137
 245,  5, 29, 1182
 246,  5, 32, 3068
 247,  5, 33,  764
 248,  5, 34, 1443
 249,  5, 36, 3912
 250,  5, 40, 1621
 251,  5, 42, 2676
 252,  5, 43, 1400
 253,  5, 44, 1198
 254,  5, 46, 1478
 255,  5, 47, 2675
 256,  5, 48, 1003
 257,  5, 50, 1090
 258,  5, 51, 1670
 259,  5, 52,  259
 260,  5, 53, 3566
 261,  5, 54, 1767
 262,  5, 55, 1479
 263,  5, 56, 3087
 264,  5, 57, 1825
 265,  5, 59, 3257
 266,  5, 60, 2447
 267,  5, 61, 1744
 268,  5, 66, 3687
 269,  5, 69, 1554
 270,  5, 70, 4112
 271,  5, 71, 1130
 272,  5, 72, 3299
 273,  5, 74, 3442
 274,  5, 75, 3250
 275,  5, 81, 1689
 276,  5, 83, 1429
 277,  5, 84, 3526
 278,  5, 85,  841
 279,  5, 86, 2013
 280,  5, 90, 3449
 281,  5, 91, 2604
 282,  5, 93, 2528
 283,  5, 94, 4229
 284,  5, 95,  782
 285,  5, 97, 3184
 286,  5, 99, 3940
 287,  5,100, 1219
 288,  6,  7, 2118
 289,  6,  9, 2036
 290,  6, 10,  784
 291,  6, 11, 1215
 292,  6, 12, 2206
 293,  6, 14, 2993
 294,  6, 15, 1231
 295,  6, 16, 1249
 296,  6, 17, 1356
 297,  6, 19,  749
 298,  6, 20, 2132
 299,  6, 22, 1324
 300,  6, 24, 1174
 301,  6, 25, 1854
 302,  6, 26, 1438
 303,  6, 27, 1922
 304,  6, 28, 1149
 305,  6, 30, 2841
 306,  6, 32,  908
 307,  6, 33, 3063
 308,  6, 35, 2133
 309,  6, 36, 1153
 310,  6, 37, 3091
 311,  6, 38, 1057
 312,  6, 39, 2775
 313,  6, 42, 1064
 314,  6, 44, 2152
 315,  6, 46, 2801
 316,  6, 47,  632
 317,  6, 48, 3204
 318,  6, 49,   82
 319,  6, 50, 2472
 320,  6, 52, 3104
 321,  6, 53,  992
 322,  6, 55, 2160
 323,  6, 58, 1511
 324,  6, 60, 1577
 325,  6, 61, 1724
 326,  6, 62, 1940
 327,  6, 67,  980
 328,  6, 68, 2311
 329,  6, 71, 3086
 330,  6, 72,  883
 331,  6, 75,  520
 332,  6, 76, 3285
 333,  6, 80, 1284
 334,  6, 81, 1726
 335,  6, 85, 2458
 336,  6, 86, 2155
 337,  6, 89,  992
 338,  6, 91, 1312
 339,  6, 92,  342
 340,  6, 94, 1133
 341,  6, 96, 3162
 342,  6, 99, 1312
 343,  7,  8, 1772
 344,  7, 11, 1680
 345,  7, 12,  420
 346,  7, 14, 1346
 347,  7, 15, 1710
 348,  7, 16, 3014
 349,  7, 17, 1733
 350,  7, 19, 2420
 351,  7, 21, 2107
 352,  7, 23, 1014
 353,  7, 26, 3215
 354,  7, 27,  723
 355,  7, 28, 1163
 356,  7, 31, 2103
 357,  7, 32, 1640
 358,  7, 36, 2501
 359,  7, 39, 1319
 360,  7, 41, 1346
 361,  7, 44, 1560
 362,  7, 45, 1217
 363,  7, 46,  691
 364,  7, 47, 1681
 365,  7, 50, 1090
 366,  7, 51,  739
 367,  7, 52, 1455
 368,  7, 54, 1699
 369,  7, 55,  378
 370,  7, 56, 2193
 371,  7, 58, 1114
 372,  7, 60,  829
 373,  7, 61,  846
 374,  7, 63, 1730
 375,  7, 67, 1527
 376,  7, 70, 2956
 377,  7, 73, 1052
 378,  7, 74, 2198
 379,  7, 78, 1580
 380,  7, 80, 2461
 381,  7, 83,  388
 382,  7, 86,  689
 383,  7, 88, 2660
 384,  7, 92, 1738
 385,  7, 93, 1185
 386,  7, 94, 3002
 387,  7, 95, 2007
 388,  7, 97, 2372
 389,  7, 98, 1399
 390,  7,100, 1265
 391,  8,  9, 1748
 392,  8, 10,  986
 393,  8, 11, 1701
 394,  8, 13, 2720
 395,  8, 14, 2824
 396,  8, 15, 1673
 397,  8, 16, 1507
 398,  8, 20, 1928
 399,  8, 22, 1339
 400,  8, 26, 1369
 401,  8, 27, 2066
 402,  8, 28, 1052
 403,  8, 30, 2302
 404,  8, 31,  511
 405,  8, 35, 2117
 406,  8, 36, 1445
 407,  8, 37, 2752
 408,  8, 39, 2274
 409,  8, 42,  617
 410,  8, 43, 2737
 411,  8, 44, 2009
 412,  8, 45, 1522
 413,  8, 46, 2682
 414,  8, 48, 2899
 415,  8, 50, 1821
 416,  8, 52, 2907
 417,  8, 53, 1197
 418,  8, 54, 1559
 419,  8, 56,  649
 420,  8, 58, 1090
 421,  8, 59, 1616
 422,  8, 60, 1922
 423,  8, 62, 1966
 424,  8, 63,  688
 425,  8, 66, 1281
 426,  8, 67,  716
 427,  8, 68, 1732
 428,  8, 69, 1532
 429,  8, 73, 1603
 430,  8, 74, 1389
 431,  8, 75,  813
 432,  8, 77, 1717
 433,  8, 78, 2728
 434,  8, 79, 1289
 435,  8, 81, 1748
 436,  8, 82, 2423
 437,  8, 83, 2102
 438,  8, 86, 1868
 439,  8, 87, 1832
 440,  8, 88, 1383
 441,  8, 90,  776
 442,  8, 92,  231
 443,  8, 95, 2712
 444,  8, 96, 2658
 445,  8, 98, 1265
 446,  8, 99, 1991
 447,  9, 10, 2175
 448,  9, 11, 1811
 449,  9, 12,  271
 450,  9, 13, 1873
 451,  9, 14, 1318
 452,  9, 15, 1840
 453,  9, 16, 2849
 454,  9, 17, 1769
 455,  9, 21, 2126
 456,  9, 24, 2461
 457,  9, 25,  783
 458,  9, 27,  424
 459,  9, 28, 1416
 460,  9, 30, 1211
 461,  9, 32, 1561
 462,  9, 33, 1887
 463,  9, 34,  440
 464,  9, 36, 2590
 465,  9, 38, 2671
 466,  9, 39, 1127
 467,  9, 40, 1436
 468,  9, 41, 1289
 469,  9, 42, 1836
 470,  9, 45, 1527
 471,  9, 46,  973
 472,  9, 47, 1354
 473,  9, 48, 1200
 474,  9, 49, 2191
 475,  9, 52, 1530
 476,  9, 53, 2478
 477,  9, 55,  673
 478,  9, 56, 2369
 479,  9, 57,  262
 480,  9, 58, 1027
 481,  9, 59, 1983
 482,  9, 60,  999
 483,  9, 61,  581
 484,  9, 62,  956
 485,  9, 63, 1779
 486,  9, 65, 3027
 487,  9, 66, 2948
 488,  9, 70, 3152
 489,  9, 71, 1252
 490,  9, 72, 2084
 491,  9, 73, 1197
 492,  9, 74, 1962
 493,  9, 76, 2066
 494,  9, 77,  922
 495,  9, 80, 2223
 496,  9, 81,  574
 497,  9, 82, 1556
 498,  9, 84, 2448
 499,  9, 85,  815
 500,  9, 86,  565
 501,  9, 88, 2736
 502,  9, 89, 2177
 503,  9, 91, 1228
 504,  9, 92, 1898
 505,  9, 94, 2858
 506,  9, 97, 2552
 507,  9,100, 1614
 508, 10, 11,  968
 509, 10, 12, 2421
 510, 10, 14, 3101
 511, 10, 15, 1116
 512, 10, 16,  914
 513, 10, 17,  830
 514, 10, 19, 1039
 515, 10, 21,  693
 516, 10, 22, 1189
 517, 10, 23, 1230
 518, 10, 24,  601
 519, 10, 27, 2290
 520, 10, 28, 1228
 521, 10, 31, 1378
 522, 10, 32, 1065
 523, 10, 33, 3672
 524, 10, 34, 2543
 525, 10, 35, 1958
 526, 10, 37, 3444
 527, 10, 39, 2910
 528, 10, 40, 2430
 529, 10, 42, 1267
 530, 10, 43, 2894
 531, 10, 44, 2614
 532, 10, 46, 2717
 533, 10, 47,  785
 534, 10, 49,  453
 535, 10, 50, 2443
 536, 10, 52, 3535
 537, 10, 55, 2252
 538, 10, 56, 1362
 539, 10, 57, 2172
 540, 10, 60, 1607
 541, 10, 61, 1940
 542, 10, 63,  611
 543, 10, 64, 2496
 544, 10, 68, 2640
 545, 10, 70, 1149
 546, 10, 71, 3402
 547, 10, 72,  314
 548, 10, 73, 2633
 549, 10, 74,  730
 550, 10, 77, 1752
 551, 10, 79,  611
 552, 10, 80, 1597
 553, 10, 81, 2265
 554, 10, 82, 3201
 555, 10, 83, 2282
 556, 10, 84,  318
 557, 10, 85, 2713
 558, 10, 88, 1084
 559, 10, 89, 1598
 560, 10, 90,  688
 561, 10, 92,  898
 562, 10, 93, 1254
 563, 10, 94,  940
 564, 10, 96, 3293
 565, 10, 98, 1388
 566, 10,100, 3440
 567, 11, 12, 1857
 568, 11, 14, 2826
 569, 11, 16, 1506
 570, 11, 17,  511
 571, 11, 18, 1369
 572, 11, 23,  942
 573, 11, 25, 1667
 574, 11, 26, 2194
 575, 11, 30, 2687
 576, 11, 32,  542
 577, 11, 33, 3257
 578, 11, 34, 1974
 579, 11, 36,  866
 580, 11, 40, 2214
 581, 11, 44, 2358
 582, 11, 45,  730
 583, 11, 46, 2146
 584, 11, 47,  537
 585, 11, 51, 1786
 586, 11, 53, 1467
 587, 11, 54, 2391
 588, 11, 55, 1747
 589, 11, 58, 1208
 590, 11, 59,  505
 591, 11, 60, 1280
 592, 11, 61, 1686
 593, 11, 62, 1427
 594, 11, 63,  833
 595, 11, 64, 2387
 596, 11, 66, 1966
 597, 11, 68, 2180
 598, 11, 70, 1852
 599, 11, 71, 2919
 600, 11, 72,  540
 601, 11, 73, 2209
 602, 11, 74,  594
 603, 11, 75, 1481
 604, 11, 76, 3181
 605, 11, 77, 1277
 606, 11, 78, 2881
 607, 11, 80, 2062
 608, 11, 81, 1734
 609, 11, 82, 2770
 610, 11, 83, 1805
 611, 11, 84, 1040
 612, 11, 85, 2119
 613, 11, 86, 1594
 614, 11, 87, 1456
 615, 11, 88, 1682
 616, 11, 92, 1283
 617, 11, 99, 1097
 618, 12, 13, 1973
 619, 12, 15, 1562
 620, 12, 16, 2900
 621, 12, 17, 1544
 622, 12, 18, 2822
 623, 12, 19, 2703
 624, 12, 20,  327
 625, 12, 21, 2074
 626, 12, 23,  965
 627, 12, 24, 2769
 628, 12, 25,  966
 629, 12, 27,  501
 630, 12, 28, 1357
 631, 12, 30, 1059
 632, 12, 33, 2314
 633, 12, 34,  508
 634, 12, 35,  607
 635, 12, 36, 2618
 636, 12, 39, 1549
 637, 12, 41, 1500
 638, 12, 42, 2089
 639, 12, 43,  845
 640, 12, 45, 1131
 641, 12, 46,  981
 642, 12, 48, 1322
 643, 12, 49, 1943
 644, 12, 52, 1410
 645, 12, 53, 2539
 646, 12, 54, 1768
 647, 12, 56, 2579
 648, 12, 57,  612
 649, 12, 59, 2037
 650, 12, 61,  931
 651, 12, 62,  829
 652, 12, 65, 2972
 653, 12, 68, 1160
 654, 12, 69, 1211
 655, 12, 72, 2218
 656, 12, 73, 1449
 657, 12, 74, 1993
 658, 12, 75, 2219
 659, 12, 76, 2106
 660, 12, 77,  936
 661, 12, 78, 1666
 662, 12, 79, 2481
 663, 12, 81, 1153
 664, 12, 82, 1874
 665, 12, 83,  580
 666, 12, 86,  480
 667, 12, 88, 2964
 668, 12, 89, 2308
 669, 12, 91, 1497
 670, 12, 93, 1533
 671, 12, 94, 2939
 672, 12, 95, 2226
 673, 12, 97, 2607
 674, 12, 98, 1022
 675, 12, 99, 2703
 676, 12,100, 1308
 677, 13, 14, 1536
 678, 13, 16, 3827
 679, 13, 17, 3211
 680, 13, 19, 3481
 681, 13, 27, 2110
 682, 13, 28, 2543
 683, 13, 29, 1529
 684, 13, 30, 1188
 685, 13, 34, 1640
 686, 13, 37,  624
 687, 13, 38, 3908
 688, 13, 39, 1074
 689, 13, 40, 1630
 690, 13, 42, 2857
 691, 13, 44, 1015
 692, 13, 45, 2987
 693, 13, 46, 1868
 694, 13, 47, 2938
 695, 13, 51, 1989
 696, 13, 52, 1117
 697, 13, 53, 3648
 698, 13, 54, 1318
 699, 13, 57, 1972
 700, 13, 58, 2117
 701, 13, 60, 2356
 702, 13, 62, 2471
 703, 13, 63, 3099
 704, 13, 64, 1495
 705, 13, 65, 3533
 706, 13, 68, 1174
 707, 13, 69, 1485
 708, 13, 71, 1695
 709, 13, 73, 1309
 710, 13, 74, 3417
 711, 13, 77, 2353
 712, 13, 78,  968
 713, 13, 80, 2894
 714, 13, 81, 1550
 715, 13, 82,  474
 716, 13, 83, 1736
 717, 13, 84, 3550
 718, 13, 86, 2274
 719, 13, 90, 3351
 720, 13, 91, 2922
 721, 13, 92, 2904
 722, 13, 93, 2219
 723, 13, 95,  480
 724, 13, 97, 3050
 725, 13, 99, 4177
 726, 13,100, 1468
 727, 14, 15, 2539
 728, 14, 16, 3907
 729, 14, 19, 3225
 730, 14, 20, 1184
 731, 14, 21, 2853
 732, 14, 22, 4035
 733, 14, 23, 1909
 734, 14, 24, 3667
 735, 14, 25, 1368
 736, 14, 26, 4189
 737, 14, 27, 1061
 738, 14, 32, 2512
 739, 14, 33, 1563
 740, 14, 35, 1377
 741, 14, 36, 3320
 742, 14, 37, 1076
 743, 14, 38, 3638
 744, 14, 45, 2404
 745, 14, 46,  550
 746, 14, 49, 2988
 747, 14, 50, 1628
 748, 14, 53, 3531
 749, 14, 54, 2131
 750, 14, 55,  870
 751, 14, 58, 1847
 752, 14, 61, 1626
 753, 14, 62, 1505
 754, 14, 63, 2789
 755, 14, 64, 1934
 756, 14, 66, 3859
 757, 14, 67, 2058
 758, 14, 72, 3142
 759, 14, 73, 1525
 760, 14, 75, 3050
 761, 14, 78,  876
 762, 14, 80, 3231
 763, 14, 82, 1631
 764, 14, 84, 3393
 765, 14, 85,  970
 766, 14, 87, 1261
 767, 14, 88, 3943
 768, 14, 89, 2812
 769, 14, 94, 4063
 770, 14, 95, 1741
 771, 14, 96,  900
 772, 14, 99, 3496
 773, 15, 16, 1876
 774, 15, 17,  255
 775, 15, 18, 1431
 776, 15, 19, 1719
 777, 15, 20, 1629
 778, 15, 22, 1708
 779, 15, 26, 2546
 780, 15, 30, 2590
 781, 15, 31, 2023
 782, 15, 32,  489
 783, 15, 33, 3195
 784, 15, 35, 1334
 785, 15, 37, 3145
 786, 15, 38, 1191
 787, 15, 39, 2856
 788, 15, 40, 2158
 789, 15, 41, 2782
 790, 15, 43, 2402
 791, 15, 44, 2337
 792, 15, 45,  629
 793, 15, 47,  743
 794, 15, 51, 1693
 795, 15, 53, 1451
 796, 15, 54, 2283
 797, 15, 55, 1867
 798, 15, 57, 1773
 799, 15, 59,  715
 800, 15, 60,  993
 801, 15, 62, 1260
 802, 15, 66, 2225
 803, 15, 67, 1505
 804, 15, 68, 2380
 805, 15, 69, 2100
 806, 15, 70, 2030
 807, 15, 73, 2404
 808, 15, 75, 1554
 809, 15, 78, 2857
 810, 15, 79, 1409
 811, 15, 82, 3020
 812, 15, 83, 1804
 813, 15, 84,  991
 814, 15, 85, 2488
 815, 15, 86, 1714
 816, 15, 87, 1769
 817, 15, 88, 1532
 818, 15, 89, 1898
 819, 15, 91,  584
 820, 15, 92, 1258
 821, 15, 93, 1436
 822, 15, 94, 1925
 823, 15, 96, 2725
 824, 15, 97, 2022
 825, 15, 98,  958
 826, 16, 17, 1817
 827, 16, 18,  693
 828, 16, 19,  695
 829, 16, 20, 2975
 830, 16, 21, 1550
 831, 16, 23, 2080
 832, 16, 25, 2493
 833, 16, 26, 1001
 834, 16, 28, 1801
 835, 16, 29, 3504
 836, 16, 30, 3760
 837, 16, 32, 1729
 838, 16, 33, 3987
 839, 16, 36,  904
 840, 16, 43, 3820
 841, 16, 44, 3107
 842, 16, 46, 3432
 843, 16, 48, 3887
 844, 16, 49,  906
 845, 16, 50, 3267
 846, 16, 51, 2457
 847, 16, 52, 3904
 848, 16, 53,  614
 849, 16, 54, 2690
 850, 16, 55, 3215
 851, 16, 58, 2202
 852, 16, 59, 1439
 853, 16, 61, 2574
 854, 16, 62, 2598
 855, 16, 63, 1170
 856, 16, 65,  743
 857, 16, 66,  671
 858, 16, 67, 2016
 859, 16, 69, 2830
 860, 16, 73, 2795
 861, 16, 76, 3980
 862, 16, 77, 2475
 863, 16, 78, 3806
 864, 16, 79,  389
 865, 16, 81, 2650
 866, 16, 82, 3563
 867, 16, 83, 3318
 868, 16, 86, 2962
 869, 16, 87, 2529
 870, 16, 88,  295
 871, 16, 89, 1845
 872, 16, 92, 1474
 873, 16, 94,  216
 874, 16, 95, 3870
 875, 16, 97, 1198
 876, 16, 98, 1849
 877, 16,100, 4066
 878, 17, 18, 1441
 879, 17, 19, 1548
 880, 17, 20, 1661
 881, 17, 21,  564
 882, 17, 24, 1338
 883, 17, 25, 2006
 884, 17, 27, 1745
 885, 17, 31, 2187
 886, 17, 32,  515
 887, 17, 33, 3434
 888, 17, 34, 2059
 889, 17, 37, 2991
 890, 17, 39, 2826
 891, 17, 41, 3048
 892, 17, 42, 1850
 893, 17, 44, 2417
 894, 17, 45,  480
 895, 17, 46, 2336
 896, 17, 50, 2577
 897, 17, 51, 1740
 898, 17, 53, 1590
 899, 17, 54, 2284
 900, 17, 55, 2112
 901, 17, 56, 1757
 902, 17, 59,  637
 903, 17, 60, 1312
 904, 17, 61, 1775
 905, 17, 62, 1068
 906, 17, 63,  972
 907, 17, 66, 2136
 908, 17, 69, 2048
 909, 17, 72,  619
 910, 17, 74,  746
 911, 17, 75, 1545
 912, 17, 77, 1343
 913, 17, 79, 1596
 914, 17, 80, 2192
 915, 17, 81, 1796
 916, 17, 83, 1963
 917, 17, 84, 1112
 918, 17, 85, 2368
 919, 17, 87, 1636
 920, 17, 89, 1916
 921, 17, 90, 1282
 922, 17, 91,  668
 923, 17, 92, 1367
 924, 17, 95, 3319
 925, 17, 96, 3124
 926, 17, 97, 1684
 927, 17, 98,  674
 928, 17, 99, 1046
 929, 18, 19,  899
 930, 18, 20, 2502
 931, 18, 21, 1188
 932, 18, 26, 1319
 933, 18, 28, 1743
 934, 18, 29, 3361
 935, 18, 30, 3403
 936, 18, 32, 1392
 937, 18, 33, 3988
 938, 18, 34, 3228
 939, 18, 35, 2689
 940, 18, 43, 3465
 941, 18, 44, 2881
 942, 18, 46, 3162
 943, 18, 47, 1353
 944, 18, 48, 3915
 945, 18, 49, 1049
 946, 18, 50, 2882
 947, 18, 52, 3669
 948, 18, 53,  759
 949, 18, 54, 2799
 950, 18, 56, 1469
 951, 18, 58, 2239
 952, 18, 60, 1993
 953, 18, 61, 2201
 954, 18, 63,  954
 955, 18, 64, 2563
 956, 18, 65, 1013
 957, 18, 66, 1092
 958, 18, 68, 2878
 959, 18, 70,  815
 960, 18, 72,  758
 961, 18, 74, 1095
 962, 18, 75, 1098
 963, 18, 77, 2067
 964, 18, 78, 3958
 965, 18, 79,  327
 966, 18, 82, 3676
 967, 18, 83, 3024
 968, 18, 84,  785
 969, 18, 86, 2647
 970, 18, 89, 1689
 971, 18, 90,  626
 972, 18, 91, 1707
 973, 18, 93, 1634
 974, 18, 94,  611
 975, 18, 96, 3531
 976, 18, 98, 1882
 977, 18, 99,  849
 978, 19, 20, 2291
 979, 19, 21, 1239
 980, 19, 22,  802
 981, 19, 23, 1793
 982, 19, 24,  942
 983, 19, 25, 2042
 984, 19, 26,  825
 985, 19, 28, 1600
 986, 19, 31, 1137
 987, 19, 34, 2801
 988, 19, 35, 2383
 989, 19, 36, 1152
 990, 19, 37, 3437
 991, 19, 40, 2184
 992, 19, 42, 1191
 993, 19, 43, 3404
 994, 19, 44, 2592
 995, 19, 45, 1925
 996, 19, 47, 1212
 997, 19, 49,  727
 998, 19, 50, 2494
 999, 19, 52, 3347
1000, 19, 57, 2231
1001, 19, 58, 1618
1002, 19, 62, 2315
1003, 19, 63,  725
1004, 19, 64, 2390
1005, 19, 65,  722
1006, 19, 66,  842
1007, 19, 69, 2040
1008, 19, 70,  769
1009, 19, 72, 1148
1010, 19, 74, 1209
1011, 19, 77, 1916
1012, 19, 78, 3238
1013, 19, 81, 2333
1014, 19, 82, 3249
1015, 19, 83, 2704
1016, 19, 84, 1017
1017, 19, 85, 2759
1018, 19, 86, 2632
1019, 19, 87, 2232
1020, 19, 88,  887
1021, 19, 89,  981
1022, 19, 92,  700
1023, 19, 94, 1030
1024, 19, 96, 3308
1025, 19, 97,  520
1026, 19, 98, 1635
1027, 19, 99, 1218
1028, 19,100, 3666
1029, 20, 21, 1772
1030, 20, 22, 2971
1031, 20, 23, 1163
1032, 20, 24, 2610
1033, 20, 25,  960
1034, 20, 28, 1065
1035, 20, 31, 2140
1036, 20, 32, 1168
1037, 20, 33, 2000
1038, 20, 34,  810
1039, 20, 35,  345
1040, 20, 37, 1972
1041, 20, 38, 2651
1042, 20, 39, 1290
1043, 20, 40, 1605
1044, 20, 41, 1557
1045, 20, 44, 1494
1046, 20, 46,  969
1047, 20, 47, 1350
1048, 20, 48, 1369
1049, 20, 49, 1978
1050, 20, 50, 1397
1051, 20, 51,  701
1052, 20, 53, 2711
1053, 20, 54, 1830
1054, 20, 56, 2525
1055, 20, 57,  598
1056, 20, 58, 1024
1057, 20, 59, 2028
1058, 20, 60,  834
1059, 20, 62,  520
1060, 20, 63, 1795
1061, 20, 65, 2769
1062, 20, 66, 2816
1063, 20, 67, 1311
1064, 20, 68,  980
1065, 20, 70, 2982
1066, 20, 71, 1343
1067, 20, 72, 2033
1068, 20, 73, 1430
1069, 20, 75, 2341
1070, 20, 76, 2105
1071, 20, 77,  741
1072, 20, 79, 2584
1073, 20, 80, 2263
1074, 20, 81, 1032
1075, 20, 83,  475
1076, 20, 86,  198
1077, 20, 87,  673
1078, 20, 90, 2086
1079, 20, 93, 1249
1080, 20, 94, 2926
1081, 20, 95, 2093
1082, 20, 96, 1755
1083, 20, 97, 2508
1084, 20, 98, 1236
1085, 21, 22, 1506
1086, 21, 23, 1272
1087, 21, 24,  848
1088, 21, 25, 1896
1089, 21, 26, 1917
1090, 21, 27, 1866
1091, 21, 33, 3364
1092, 21, 34, 2516
1093, 21, 36,  474
1094, 21, 38, 1014
1095, 21, 39, 2796
1096, 21, 40, 2348
1097, 21, 47,  676
1098, 21, 49,  999
1099, 21, 50, 2755
1100, 21, 51, 1712
1101, 21, 53, 1325
1102, 21, 55, 2394
1103, 21, 57, 1739
1104, 21, 58, 1417
1105, 21, 59,  191
1106, 21, 61, 1907
1107, 21, 62, 1587
1108, 21, 63,  851
1109, 21, 64, 2445
1110, 21, 67, 1633
1111, 21, 68, 2480
1112, 21, 69, 2179
1113, 21, 70, 1734
1114, 21, 71, 3357
1115, 21, 73, 2364
1116, 21, 76, 3470
1117, 21, 77, 1293
1118, 21, 78, 3123
1119, 21, 79, 1210
1120, 21, 80, 1875
1121, 21, 81, 2175
1122, 21, 82, 2963
1123, 21, 83, 2096
1124, 21, 84,  560
1125, 21, 85, 2453
1126, 21, 86, 1784
1127, 21, 90,  939
1128, 21, 91,  757
1129, 21, 92, 1226
1130, 21, 93, 1369
1131, 21, 94, 1365
1132, 21, 95, 3239
1133, 21, 96, 3005
1134, 21, 98, 1112
1135, 21, 99, 1125
1136, 22, 23, 2094
1137, 22, 25, 2880
1138, 22, 26, 1106
1139, 22, 28, 1997
1140, 22, 30, 3800
1141, 22, 31, 1498
1142, 22, 32, 1819
1143, 22, 34, 3400
1144, 22, 35, 2842
1145, 22, 36, 1183
1146, 22, 37, 3872
1147, 22, 39, 3811
1148, 22, 40, 2740
1149, 22, 42, 1737
1150, 22, 43, 3696
1151, 22, 44, 3244
1152, 22, 45, 2237
1153, 22, 47, 1461
1154, 22, 48, 3878
1155, 22, 51, 2601
1156, 22, 55, 3181
1157, 22, 56, 1259
1158, 22, 58, 2331
1159, 22, 59, 1296
1160, 22, 60, 2541
1161, 22, 62, 2722
1162, 22, 64, 2841
1163, 22, 65, 1039
1164, 22, 66,  652
1165, 22, 71, 4303
1166, 22, 72, 1317
1167, 22, 74, 1413
1168, 22, 77, 2587
1169, 22, 78, 3808
1170, 22, 79,  438
1171, 22, 80, 1375
1172, 22, 81, 2905
1173, 22, 83, 3254
1174, 22, 84,  846
1175, 22, 85, 3266
1176, 22, 86, 2860
1177, 22, 87, 2727
1178, 22, 88,  244
1179, 22, 89, 1677
1180, 22, 90,  718
1181, 22, 92, 1543
1182, 22, 93, 2014
1183, 22, 94,  177
1184, 22, 95, 3876
1185, 22, 97, 1053
1186, 22, 99, 1195
1187, 22,100, 4182
1188, 23, 24, 1571
1189, 23, 26, 2463
1190, 23, 29, 1740
1191, 23, 31, 2058
1192, 23, 34, 1417
1193, 23, 35, 1102
1194, 23, 38, 1714
1195, 23, 39, 1920
1196, 23, 40, 1676
1197, 23, 41, 2483
1198, 23, 45,  235
1199, 23, 46, 1825
1200, 23, 49, 1278
1201, 23, 53, 2014
1202, 23, 54, 2087
1203, 23, 56, 1820
1204, 23, 57,  862
1205, 23, 58, 1153
1206, 23, 59, 1050
1207, 23, 61, 1194
1208, 23, 64, 1698
1209, 23, 68, 1774
1210, 23, 69, 1740
1211, 23, 70, 2328
1212, 23, 71, 2162
1213, 23, 72, 1344
1214, 23, 73, 1815
1215, 23, 75, 1608
1216, 23, 77,  710
1217, 23, 80, 1804
1218, 23, 81, 1366
1219, 23, 82, 2567
1220, 23, 83, 1383
1221, 23, 84, 1298
1222, 23, 87, 1090
1223, 23, 89, 1638
1224, 23, 90, 1387
1225, 23, 91,  371
1226, 23, 96, 2288
1227, 23, 98,  318
1228, 23, 99, 1855
1229, 23,100, 2510
1230, 24, 25, 2442
1231, 24, 28, 1665
1232, 24, 29, 3266
1233, 24, 30, 3504
1234, 24, 35, 2659
1235, 24, 37, 3871
1236, 24, 38,  309
1237, 24, 39, 3347
1238, 24, 40, 2759
1239, 24, 42, 1890
1240, 24, 45, 1563
1241, 24, 46, 3301
1242, 24, 47, 1288
1243, 24, 49,  880
1244, 24, 51, 2615
1245, 24, 53,  892
1246, 24, 54, 2963
1247, 24, 56, 1557
1248, 24, 58, 2121
1249, 24, 59, 1081
1250, 24, 60, 2083
1251, 24, 61, 2266
1252, 24, 62, 2128
1253, 24, 63, 1048
1254, 24, 65, 1376
1255, 24, 66, 1113
1256, 24, 68, 2974
1257, 24, 69, 2829
1258, 24, 70, 1045
1259, 24, 73, 3029
1260, 24, 75,  979
1261, 24, 76, 3995
1262, 24, 78, 3856
1263, 24, 80, 1649
1264, 24, 81, 2552
1265, 24, 85, 3274
1266, 24, 86, 2737
1267, 24, 88,  760
1268, 24, 91, 1748
1269, 24, 93, 1699
1270, 24, 97, 1296
1271, 24, 99,  418
1272, 24,100, 3910
1273, 25, 26, 2813
1274, 25, 28, 1136
1275, 25, 29, 1057
1276, 25, 31, 1968
1277, 25, 35, 1063
1278, 25, 36, 2299
1279, 25, 38, 2363
1280, 25, 39, 1088
1281, 25, 40,  796
1282, 25, 41, 1741
1283, 25, 42, 1528
1284, 25, 43, 1389
1285, 25, 45, 1635
1286, 25, 46, 1381
1287, 25, 49, 1750
1288, 25, 52, 1575
1289, 25, 53, 2296
1290, 25, 55, 1011
1291, 25, 56, 1946
1292, 25, 57,  704
1293, 25, 58,  590
1294, 25, 59, 2263
1295, 25, 60, 1278
1296, 25, 61,  463
1297, 25, 62, 1063
1298, 25, 63, 1704
1299, 25, 65, 2550
1300, 25, 68,  655
1301, 25, 70, 2866
1302, 25, 72, 2125
1303, 25, 73,  497
1304, 25, 75, 1835
1305, 25, 76, 1695
1306, 25, 77,  921
1307, 25, 79, 2207
1308, 25, 80, 1777
1309, 25, 83,  970
1310, 25, 85,  814
1311, 25, 86,  926
1312, 25, 88, 2447
1313, 25, 92, 1571
1314, 25, 93, 1183
1315, 25, 94, 2636
1316, 25, 96, 1436
1317, 25, 99, 2754
1318, 25,100, 1595
1319, 26, 27, 3473
1320, 26, 28, 2098
1321, 26, 29, 3770
1322, 26, 30, 3689
1323, 26, 31, 1216
1324, 26, 34, 3580
1325, 26, 37, 4047
1326, 26, 38, 1624
1327, 26, 42, 1180
1328, 26, 43, 3906
1329, 26, 44, 2935
1330, 26, 47, 2104
1331, 26, 48, 3972
1332, 26, 49, 1305
1333, 26, 50, 2994
1334, 26, 52, 4114
1335, 26, 53,  958
1336, 26, 55, 3330
1337, 26, 56,  820
1338, 26, 57, 2870
1339, 26, 59, 2140
1340, 26, 60, 2790
1341, 26, 62, 2997
1342, 26, 63, 1739
1343, 26, 64, 2430
1344, 26, 65,  373
1345, 26, 66,  423
1346, 26, 67, 2050
1347, 26, 68, 3149
1348, 26, 69, 2559
1349, 26, 70,  741
1350, 26, 71, 4450
1351, 26, 72, 2049
1352, 26, 75, 1206
1353, 26, 76, 3946
1354, 26, 78, 4068
1355, 26, 80, 1269
1356, 26, 81, 2843
1357, 26, 85, 3225
1358, 26, 88,  970
1359, 26, 89, 1504
1360, 26, 90, 1440
1361, 26, 91, 2492
1362, 26, 93, 2265
1363, 26, 94, 1019
1364, 26, 95, 3516
1365, 26, 96, 4011
1366, 26,100, 4371
1367, 27, 28, 1563
1368, 27, 30, 1167
1369, 27, 34,  768
1370, 27, 35,  503
1371, 27, 37, 1799
1372, 27, 39, 1642
1373, 27, 40, 1853
1374, 27, 41, 1608
1375, 27, 42, 2096
1376, 27, 44, 1691
1377, 27, 49, 2199
1378, 27, 50, 1571
1379, 27, 51, 1045
1380, 27, 52, 1734
1381, 27, 55,  480
1382, 27, 56, 2493
1383, 27, 58, 1321
1384, 27, 59, 1832
1385, 27, 60,  935
1386, 27, 61, 1239
1387, 27, 64, 1574
1388, 27, 65, 3089
1389, 27, 67, 1597
1390, 27, 68, 1477
1391, 27, 71, 1521
1392, 27, 72, 2192
1393, 27, 73, 1370
1394, 27, 74, 1783
1395, 27, 75, 2391
1396, 27, 79, 2439
1397, 27, 80, 2518
1398, 27, 81, 1014
1399, 27, 82, 1872
1400, 27, 83,  579
1401, 27, 84, 2326
1402, 27, 86,  258
1403, 27, 88, 3034
1404, 27, 95, 2398
1405, 27, 96, 1623
1406, 27, 97, 2562
1407, 27, 98, 1142
1408, 27, 99, 2673
1409, 27,100, 1312
1410, 28, 29, 1735
1411, 28, 33, 2427
1412, 28, 34, 1590
1413, 28, 35, 1597
1414, 28, 36, 1822
1415, 28, 37, 2275
1416, 28, 39, 1923
1417, 28, 42,  862
1418, 28, 43, 2099
1419, 28, 44, 1598
1420, 28, 45,  963
1421, 28, 46, 1918
1422, 28, 47,  652
1423, 28, 50, 1627
1424, 28, 51,  942
1425, 28, 54, 1255
1426, 28, 59, 1351
1427, 28, 60,  989
1428, 28, 62, 1247
1429, 28, 63, 1024
1430, 28, 65, 2020
1431, 28, 67,  382
1432, 28, 68, 1240
1433, 28, 69, 1122
1434, 28, 70, 1885
1435, 28, 71, 2378
1436, 28, 72, 1199
1437, 28, 73, 1227
1438, 28, 75, 1114
1439, 28, 78, 2363
1440, 28, 82, 1879
1441, 28, 83, 1602
1442, 28, 86, 1297
1443, 28, 88, 1969
1444, 28, 89, 1254
1445, 28, 90, 1337
1446, 28, 92, 1039
1447, 28, 94, 2119
1448, 28, 96, 2277
1449, 28, 97, 1506
1450, 28, 98, 1079
1451, 28,100, 2273
1452, 29, 30,  655
1453, 29, 31, 2955
1454, 29, 32, 2362
1455, 29, 33, 1463
1456, 29, 35,  965
1457, 29, 38, 3214
1458, 29, 40, 1733
1459, 29, 42, 2686
1460, 29, 43,  737
1461, 29, 46,  471
1462, 29, 50, 1273
1463, 29, 51, 1328
1464, 29, 53, 3437
1465, 29, 55,  569
1466, 29, 57,  807
1467, 29, 59, 2654
1468, 29, 63, 2578
1469, 29, 64, 1546
1470, 29, 65, 3558
1471, 29, 67, 2045
1472, 29, 68,  927
1473, 29, 71,  837
1474, 29, 72, 2822
1475, 29, 73, 1194
1476, 29, 74, 2796
1477, 29, 75, 2777
1478, 29, 77, 1497
1479, 29, 79, 3227
1480, 29, 82, 1592
1481, 29, 83,  695
1482, 29, 84, 2992
1483, 29, 85,  839
1484, 29, 86, 1119
1485, 29, 89, 2584
1486, 29, 92, 2674
1487, 29, 94, 3569
1488, 29, 96, 1021
1489, 29, 97, 2920
1490, 29, 99, 3266
1491, 29,100,  683
1492, 30, 31, 2592
1493, 30, 32, 2201
1494, 30, 34,  851
1495, 30, 35, 1615
1496, 30, 37,  898
1497, 30, 38, 3538
1498, 30, 40, 1635
1499, 30, 41,  861
1500, 30, 42, 2444
1501, 30, 43,  786
1502, 30, 46,  768
1503, 30, 48,  506
1504, 30, 51, 1080
1505, 30, 52,  372
1506, 30, 54, 1426
1507, 30, 55, 1173
1508, 30, 56, 2935
1509, 30, 60, 1604
1510, 30, 61, 1190
1511, 30, 63, 2480
1512, 30, 64, 1552
1513, 30, 65, 3446
1514, 30, 66, 3618
1515, 30, 67, 1829
1516, 30, 68,  961
1517, 30, 71, 1081
1518, 30, 75, 2876
1519, 30, 77, 1611
1520, 30, 80, 2837
1521, 30, 84, 3215
1522, 30, 86, 1218
1523, 30, 87, 1170
1524, 30, 88, 3584
1525, 30, 89, 2505
1526, 30, 90, 2850
1527, 30, 91, 2108
1528, 30, 94, 3783
1529, 30, 96,  359
1530, 30, 98, 2206
1531, 30,100, 1030
1532, 31, 32, 1856
1533, 31, 34, 2636
1534, 31, 35, 2573
1535, 31, 36, 1905
1536, 31, 38, 1761
1537, 31, 39, 2738
1538, 31, 42,  576
1539, 31, 43, 2882
1540, 31, 45, 2054
1541, 31, 49, 1166
1542, 31, 50, 2033
1543, 31, 52, 2951
1544, 31, 54, 1320
1545, 31, 56,  383
1546, 31, 57, 2291
1547, 31, 58, 1408
1548, 31, 60, 1964
1549, 31, 62, 2224
1550, 31, 63, 1151
1551, 31, 64, 1723
1552, 31, 65, 1012
1553, 31, 69, 1717
1554, 31, 71, 3349
1555, 31, 72, 1668
1556, 31, 74, 1886
1557, 31, 75,  723
1558, 31, 76, 3036
1559, 31, 80,  394
1560, 31, 81, 1638
1561, 31, 82, 2528
1562, 31, 83, 2402
1563, 31, 84, 1594
1564, 31, 85, 2238
1565, 31, 87, 1982
1566, 31, 89,  216
1567, 31, 90, 1469
1568, 31, 93, 1246
1569, 31, 94, 1586
1570, 31, 98, 1913
1571, 31, 99, 2415
1572, 31,100, 3331
1573, 32, 33, 3282
1574, 32, 35, 1556
1575, 32, 36, 1053
1576, 32, 37, 3001
1577, 32, 38, 1350
1578, 32, 39, 2349
1579, 32, 41, 2688
1580, 32, 42, 1757
1581, 32, 44, 2214
1582, 32, 45,  619
1583, 32, 46, 2099
1584, 32, 47,  473
1585, 32, 48, 2621
1586, 32, 49, 1130
1587, 32, 50, 2094
1588, 32, 51, 1214
1589, 32, 52, 2939
1590, 32, 54, 2054
1591, 32, 56, 1770
1592, 32, 57, 1448
1593, 32, 61, 1553
1594, 32, 62,  927
1595, 32, 63,  974
1596, 32, 66, 1999
1597, 32, 67, 1220
1598, 32, 68, 1849
1599, 32, 69, 1935
1600, 32, 73, 2005
1601, 32, 75, 1623
1602, 32, 76, 3196
1603, 32, 80, 1960
1604, 32, 83, 1900
1605, 32, 84, 1038
1606, 32, 85, 1992
1607, 32, 86, 1203
1608, 32, 88, 1785
1609, 32, 89, 1884
1610, 32, 90, 1013
1611, 32, 91,  608
1612, 32, 92, 1095
1613, 32, 93, 1142
1614, 32, 94, 1596
1615, 32, 98,  603
1616, 32,100, 2541
1617, 33, 34, 1891
1618, 33, 35, 2264
1619, 33, 37,  590
1620, 33, 38, 3943
1621, 33, 39,  888
1622, 33, 40, 1671
1623, 33, 41, 1825
1624, 33, 45, 2973
1625, 33, 48, 1387
1626, 33, 49, 3078
1627, 33, 51, 1876
1628, 33, 53, 3842
1629, 33, 55, 2040
1630, 33, 56, 3005
1631, 33, 57, 2066
1632, 33, 58, 2261
1633, 33, 59, 3710
1634, 33, 60, 2649
1635, 33, 61, 2026
1636, 33, 63, 2937
1637, 33, 65, 3754
1638, 33, 66, 3891
1639, 33, 67, 2245
1640, 33, 69, 1638
1641, 33, 71, 1580
1642, 33, 72, 3564
1643, 33, 73, 1203
1644, 33, 74, 3448
1645, 33, 78, 1104
1646, 33, 82,  620
1647, 33, 84, 3783
1648, 33, 86, 2337
1649, 33, 87, 1898
1650, 33, 88, 3968
1651, 33, 89, 2568
1652, 33, 90, 3640
1653, 33, 94, 4087
1654, 33, 95,  584
1655, 33, 97, 3424
1656, 33,100, 1585
1657, 34, 35, 1069
1658, 34, 36, 2656
1659, 34, 38, 3158
1660, 34, 39,  864
1661, 34, 40, 1587
1662, 34, 43,  836
1663, 34, 44, 1222
1664, 34, 45, 1544
1665, 34, 46,  405
1666, 34, 48, 1105
1667, 34, 49, 2444
1668, 34, 50, 1382
1669, 34, 52, 1003
1670, 34, 53, 2902
1671, 34, 56, 2728
1672, 34, 57,  672
1673, 34, 60, 1018
1674, 34, 61, 1227
1675, 34, 62,  852
1676, 34, 68, 1015
1677, 34, 70, 3382
1678, 34, 71, 1049
1679, 34, 72, 2477
1680, 34, 73, 1084
1681, 34, 74, 2326
1682, 34, 75, 2566
1683, 34, 76, 1883
1684, 34, 82, 1466
1685, 34, 84, 2819
1686, 34, 85,  803
1687, 34, 86,  858
1688, 34, 89, 2218
1689, 34, 91, 1734
1690, 34, 92, 2156
1691, 34, 93, 1508
1692, 34, 94, 3372
1693, 34, 95, 1765
1694, 34, 96, 1258
1695, 34, 98, 1624
1696, 34, 99, 3051
1697, 35, 36, 2356
1698, 35, 38, 2673
1699, 35, 40, 1834
1700, 35, 41, 1490
1701, 35, 45, 1127
1702, 35, 46, 1160
1703, 35, 47, 1620
1704, 35, 49, 2295
1705, 35, 51, 1043
1706, 35, 52, 1971
1707, 35, 53, 2515
1708, 35, 55,  778
1709, 35, 56, 2441
1710, 35, 57,  623
1711, 35, 58, 1447
1712, 35, 59, 1816
1713, 35, 60,  488
1714, 35, 62,  380
1715, 35, 63, 2042
1716, 35, 64, 1891
1717, 35, 67, 1527
1718, 35, 69, 1486
1719, 35, 70, 3008
1720, 35, 73, 1565
1721, 35, 74, 1845
1722, 35, 75, 2207
1723, 35, 76, 2637
1724, 35, 77,  542
1725, 35, 79, 2618
1726, 35, 82, 2233
1727, 35, 83,  577
1728, 35, 84, 2315
1729, 35, 87, 1004
1730, 35, 88, 2681
1731, 35, 90, 2304
1732, 35, 91, 1284
1733, 35, 94, 2924
1734, 35, 95, 2478
1735, 35, 97, 2737
1736, 35, 99, 2624
1737, 36, 37, 3967
1738, 36, 38,  246
1739, 36, 40, 2662
1740, 36, 42, 1827
1741, 36, 43, 3216
1742, 36, 44, 2846
1743, 36, 46, 3162
1744, 36, 48, 3746
1745, 36, 49,  882
1746, 36, 51, 2403
1747, 36, 52, 3807
1748, 36, 53, 1125
1749, 36, 54, 2806
1750, 36, 55, 2637
1751, 36, 56, 1851
1752, 36, 57, 2567
1753, 36, 58, 2045
1754, 36, 60, 1732
1755, 36, 61, 2418
1756, 36, 63, 1269
1757, 36, 64, 2652
1758, 36, 65, 1620
1759, 36, 66, 1471
1760, 36, 68, 2756
1761, 36, 70, 1276
1762, 36, 71, 3592
1763, 36, 72,  819
1764, 36, 74,  520
1765, 36, 76, 4168
1766, 36, 77, 2107
1767, 36, 78, 3814
1768, 36, 80, 1737
1769, 36, 82, 3692
1770, 36, 83, 2589
1771, 36, 84,  347
1772, 36, 85, 2905
1773, 36, 86, 2361
1774, 36, 89, 2132
1775, 36, 90,  805
1776, 36, 91, 1319
1777, 36, 93, 1791
1778, 36, 94,  884
1779, 36, 95, 3596
1780, 36, 99,  594
1781, 36,100, 3751
1782, 37, 38, 3787
1783, 37, 39,  507
1784, 37, 43, 1520
1785, 37, 45, 2905
1786, 37, 46, 1355
1787, 37, 48,  958
1788, 37, 51, 1862
1789, 37, 55, 1738
1790, 37, 56, 3223
1791, 37, 58, 1837
1792, 37, 59, 3298
1793, 37, 61, 1845
1794, 37, 63, 2877
1795, 37, 68, 1129
1796, 37, 69, 1455
1797, 37, 70, 3959
1798, 37, 71, 1110
1799, 37, 72, 3237
1800, 37, 76,  550
1801, 37, 81, 1361
1802, 37, 82,  848
1803, 37, 84, 3707
1804, 37, 85,  856
1805, 37, 87, 1712
1806, 37, 88, 4078
1807, 37, 89, 2738
1808, 37, 90, 3488
1809, 37, 91, 2608
1810, 37, 92, 2899
1811, 37, 94, 3982
1812, 37, 95,  874
1813, 37, 97, 3299
1814, 37, 99, 4160
1815, 37,100, 1245
1816, 38, 39, 3351
1817, 38, 40, 2646
1818, 38, 44, 3208
1819, 38, 46, 3460
1820, 38, 47, 1295
1821, 38, 48, 3679
1822, 38, 50, 3284
1823, 38, 51, 2536
1824, 38, 54, 2917
1825, 38, 55, 3031
1826, 38, 56, 1772
1827, 38, 62, 2220
1828, 38, 63, 1170
1829, 38, 64, 2933
1830, 38, 66, 1466
1831, 38, 69, 2477
1832, 38, 71, 3985
1833, 38, 72,  889
1834, 38, 77, 2055
1835, 38, 78, 3639
1836, 38, 81, 2475
1837, 38, 82, 3702
1838, 38, 84,  436
1839, 38, 85, 3123
1840, 38, 87, 2691
1841, 38, 88,  751
1842, 38, 89, 1830
1843, 38, 90,  976
1844, 38, 91, 1607
1845, 38, 92, 1594
1846, 38, 93, 1876
1847, 38, 96, 3523
1848, 38, 97, 1436
1849, 38, 98, 1459
1850, 38, 99,  520
1851, 38,100, 3844
1852, 39, 40, 1127
1853, 39, 41, 1122
1854, 39, 42, 2523
1855, 39, 43, 1254
1856, 39, 44, 1089
1857, 39, 47, 2211
1858, 39, 48,  678
1859, 39, 50,  789
1860, 39, 53, 3187
1861, 39, 54, 1308
1862, 39, 56, 2674
1863, 39, 58, 1769
1864, 39, 62, 1798
1865, 39, 63, 2650
1866, 39, 65, 3468
1867, 39, 66, 3554
1868, 39, 67, 1648
1869, 39, 72, 2781
1870, 39, 73, 1013
1871, 39, 74, 2930
1872, 39, 75, 2824
1873, 39, 76, 1182
1874, 39, 77, 1655
1875, 39, 79, 3136
1876, 39, 81,  932
1877, 39, 82,  920
1878, 39, 84, 3189
1879, 39, 85,  532
1880, 39, 88, 3471
1881, 39, 90, 2963
1882, 39, 91, 2152
1883, 39, 92, 2654
1884, 39, 93, 1967
1885, 39, 94, 3823
1886, 39, 96,  511
1887, 39, 97, 2874
1888, 39, 98, 2311
1889, 39, 99, 3631
1890, 40, 41, 2086
1891, 40, 43, 1869
1892, 40, 44,  497
1893, 40, 46, 1694
1894, 40, 47, 1646
1895, 40, 49, 1946
1896, 40, 50,  933
1897, 40, 51, 1239
1898, 40, 53, 2610
1899, 40, 55, 1707
1900, 40, 56, 1843
1901, 40, 57, 1597
1902, 40, 58, 1081
1903, 40, 59, 2429
1904, 40, 60, 1628
1905, 40, 61,  929
1906, 40, 64,  249
1907, 40, 66, 2676
1908, 40, 67, 1168
1909, 40, 70, 2681
1910, 40, 72, 2289
1911, 40, 73,  538
1912, 40, 74, 2502
1913, 40, 75, 1868
1914, 40, 77, 1655
1915, 40, 79, 2430
1916, 40, 80, 1460
1917, 40, 82, 1222
1918, 40, 84, 2368
1919, 40, 87, 1313
1920, 40, 88, 2620
1921, 40, 91, 1887
1922, 40, 96, 1588
1923, 40, 97, 1899
1924, 40, 98, 1668
1925, 40, 99, 3131
1926, 40,100, 2208
1927, 41, 42, 3297
1928, 41, 43,  776
1929, 41, 45, 2341
1930, 41, 47, 2716
1931, 41, 49, 3394
1932, 41, 51, 1786
1933, 41, 54, 2450
1934, 41, 55, 1319
1935, 41, 56, 3707
1936, 41, 58, 2242
1937, 41, 62, 1772
1938, 41, 65, 4185
1939, 41, 66, 4171
1940, 41, 67, 2690
1941, 41, 68, 1517
1942, 41, 71,  456
1943, 41, 72, 3367
1944, 41, 74, 3183
1945, 41, 76, 1839
1946, 41, 77, 2147
1947, 41, 78,  879
1948, 41, 80, 3310
1949, 41, 81, 1633
1950, 41, 82, 1957
1951, 41, 84, 3428
1952, 41, 90, 3667
1953, 41, 91, 2478
1954, 41, 92, 3253
1955, 41, 93, 2354
1956, 41, 95, 1859
1957, 41, 96,  982
1958, 41, 97, 3672
1959, 42, 43, 2663
1960, 42, 44, 1764
1961, 42, 46, 2681
1962, 42, 47, 1445
1963, 42, 48, 2914
1964, 42, 49,  942
1965, 42, 51, 1675
1966, 42, 52, 2704
1967, 42, 53, 1401
1968, 42, 56,  535
1969, 42, 58, 1073
1970, 42, 59, 1726
1971, 42, 60, 2075
1972, 42, 61, 1676
1973, 42, 66, 1318
1974, 42, 67,  805
1975, 42, 68, 2144
1976, 42, 69, 1319
1977, 42, 70, 1544
1978, 42, 71, 2967
1979, 42, 75,  766
1980, 42, 77, 1872
1981, 42, 78, 2680
1982, 42, 84, 1440
1983, 42, 85, 1952
1984, 42, 86, 2052
1985, 42, 87, 1721
1986, 42, 88, 1542
1987, 42, 89,  553
1988, 42, 90, 1185
1989, 42, 95, 2338
1990, 42, 98, 1659
1991, 42,100, 2931
1992, 43, 44, 1825
1993, 43, 45, 2095
1994, 43, 48,  872
1995, 43, 49, 3005
1996, 43, 51, 1508
1997, 43, 55,  649
1998, 43, 56, 3111
1999, 43, 57,  944
2000, 43, 60, 1409
2001, 43, 61, 1477
2002, 43, 62, 1219
2003, 43, 65, 3884
2004, 43, 67, 2076
2005, 43, 68, 1176
2006, 43, 69, 1868
2007, 43, 71,  646
2008, 43, 73, 1594
2009, 43, 74, 2876
2010, 43, 75, 3274
2011, 43, 76, 2161
2012, 43, 79, 3279
2013, 43, 81, 1507
2014, 43, 84, 2999
2015, 43, 85, 1172
2016, 43, 91, 2130
2017, 43, 92, 2810
2018, 43, 93, 2081
2019, 43, 94, 3921
2020, 43, 96, 1275
2021, 43, 97, 3157
2022, 43, 98, 1968
2023, 43, 99, 3543
2024, 44, 45, 2152
2025, 44, 46, 1660
2026, 44, 47, 2071
2027, 44, 49, 2368
2028, 44, 50,  500
2029, 44, 51, 1295
2030, 44, 52, 1257
2031, 44, 55, 1532
2032, 44, 57, 1266
2033, 44, 60, 1884
2034, 44, 61, 1039
2035, 44, 62, 1650
2036, 44, 63, 2060
2037, 44, 66, 2962
2038, 44, 67, 1315
2039, 44, 68,  683
2040, 44, 69,  457
2041, 44, 70, 2963
2042, 44, 74, 2554
2043, 44, 76, 1281
2044, 44, 77, 1603
2045, 44, 80, 2150
2046, 44, 82,  839
2047, 44, 84, 2666
2048, 44, 86, 1565
2049, 44, 88, 3214
2050, 44, 90, 2334
2051, 44, 91, 2069
2052, 44, 92, 1943
2053, 44, 93, 1545
2054, 44, 95,  966
2055, 44, 96, 1202
2056, 44, 98, 1883
2057, 44, 99, 3236
2058, 45, 46, 2005
2059, 45, 48, 2438
2060, 45, 49, 1402
2061, 45, 51, 1238
2062, 45, 54, 2207
2063, 45, 57, 1227
2064, 45, 59, 1014
2065, 45, 61, 1211
2066, 45, 62,  725
2067, 45, 63, 1092
2068, 45, 64, 1888
2069, 45, 65, 2227
2070, 45, 67, 1365
2071, 45, 70, 2365
2072, 45, 71, 2466
2073, 45, 72, 1124
2074, 45, 74, 1066
2075, 45, 75, 1491
2076, 45, 77,  679
2077, 45, 78, 2692
2078, 45, 81, 1572
2079, 45, 84, 1348
2080, 45, 85, 1903
2081, 45, 86, 1198
2082, 45, 90, 1388
2083, 45, 91,  570
2084, 45, 92, 1390
2085, 45, 95, 3060
2086, 45, 96, 2398
2087, 45, 97, 1959
2088, 45, 98,  602
2089, 45, 99, 1530
2090, 46, 47, 2378
2091, 46, 48,  610
2092, 46, 51, 1162
2093, 46, 52, 1201
2094, 46, 53, 3276
2095, 46, 54, 1753
2096, 46, 55,  605
2097, 46, 56, 2889
2098, 46, 57, 1002
2099, 46, 58, 1533
2100, 46, 60, 1251
2101, 46, 61, 1504
2102, 46, 62, 1168
2103, 46, 63, 2360
2104, 46, 65, 3662
2105, 46, 68, 1042
2106, 46, 69, 1548
2107, 46, 70, 3515
2108, 46, 71,  608
2109, 46, 73, 1383
2110, 46, 75, 2791
2111, 46, 76, 1635
2112, 46, 78, 1135
2113, 46, 79, 3348
2114, 46, 81, 1170
2115, 46, 83,  724
2116, 46, 85, 1007
2117, 46, 86, 1114
2118, 46, 88, 3665
2119, 46, 91, 1976
2120, 46, 93, 1997
2121, 46, 94, 3629
2122, 46, 96, 1090
2123, 46, 97, 3245
2124, 46, 98, 1692
2125, 47, 48, 2562
2126, 47, 49,  846
2127, 47, 52, 2704
2128, 47, 53, 1295
2129, 47, 54, 1896
2130, 47, 55, 1648
2131, 47, 57, 1441
2132, 47, 58, 1090
2133, 47, 59, 1002
2134, 47, 60,  930
2135, 47, 61, 1110
2136, 47, 65, 1872
2137, 47, 66, 1566
2138, 47, 68, 2077
2139, 47, 69, 1793
2140, 47, 70, 1646
2141, 47, 71, 2915
2142, 47, 75, 1095
2143, 47, 76, 2834
2144, 47, 77, 1136
2145, 47, 78, 2860
2146, 47, 81, 1437
2147, 47, 82, 2500
2148, 47, 84, 1012
2149, 47, 85, 1997
2150, 47, 88, 1620
2151, 47, 89, 1570
2152, 47, 90,  808
2153, 47, 91,  580
2154, 47, 92,  921
2155, 47, 93,  778
2156, 47, 94, 1636
2157, 47, 95, 2879
2158, 47, 96, 2517
2159, 47, 98,  665
2160, 47, 99, 1307
2161, 47,100, 2644
2162, 48, 49, 3155
2163, 48, 52,  586
2164, 48, 53, 3752
2165, 48, 54, 1801
2166, 48, 55, 1014
2167, 48, 57, 1345
2168, 48, 59, 3217
2169, 48, 60, 1841
2170, 48, 63, 3158
2171, 48, 64, 1722
2172, 48, 65, 3918
2173, 48, 66, 3926
2174, 48, 67, 2275
2175, 48, 70, 4032
2176, 48, 73, 1550
2177, 48, 74, 3160
2178, 48, 75, 3229
2179, 48, 81, 1365
2180, 48, 83, 1238
2181, 48, 86, 1382
2182, 48, 88, 3877
2183, 48, 89, 2865
2184, 48, 90, 3157
2185, 48, 91, 2608
2186, 48, 92, 3059
2187, 48, 95, 1313
2188, 48, 96,  727
2189, 48, 98, 2243
2190, 48, 99, 3900
2191, 49, 50, 2268
2192, 49, 51, 1876
2193, 49, 52, 3241
2194, 49, 55, 2213
2195, 49, 57, 2151
2196, 49, 58, 1352
2197, 49, 59, 1006
2198, 49, 60, 1622
2199, 49, 61, 1752
2200, 49, 63,  553
2201, 49, 67, 1018
2202, 49, 69, 1982
2203, 49, 70, 1298
2204, 49, 71, 3102
2205, 49, 72,  637
2206, 49, 73, 2140
2207, 49, 75,  649
2208, 49, 78, 3032
2209, 49, 80, 1222
2210, 49, 82, 2676
2211, 49, 83, 2317
2212, 49, 88,  876
2213, 49, 89, 1220
2214, 49, 91, 1246
2215, 49, 92,  395
2216, 49, 93, 1099
2217, 49, 94, 1212
2218, 49, 95, 3191
2219, 49, 96, 2993
2220, 49, 97,  982
2221, 49, 99, 1182
2222, 49,100, 3355
2223, 50, 51,  957
2224, 50, 52,  990
2225, 50, 55, 1160
2226, 50, 56, 2475
2227, 50, 58, 1250
2228, 50, 59, 2662
2229, 50, 60, 1806
2230, 50, 61,  900
2231, 50, 65, 2961
2232, 50, 68,  523
2233, 50, 72, 2506
2234, 50, 74, 2720
2235, 50, 77, 1580
2236, 50, 78,  912
2237, 50, 81,  705
2238, 50, 82,  758
2239, 50, 83, 1258
2240, 50, 84, 2736
2241, 50, 85,  648
2242, 50, 86, 1744
2243, 50, 87, 1218
2244, 50, 88, 2961
2245, 50, 89, 1772
2246, 50, 90, 2588
2247, 50, 92, 2249
2248, 50, 93, 1475
2249, 50, 95, 1066
2250, 50, 96,  906
2251, 50, 97, 2623
2252, 50, 98, 1806
2253, 50,100, 1520
2254, 51, 52, 1611
2255, 51, 53, 2184
2256, 51, 55,  691
2257, 51, 56, 2170
2258, 51, 60, 1014
2259, 51, 61,  344
2260, 51, 62,  873
2261, 51, 67, 1069
2262, 51, 68,  670
2263, 51, 70, 2560
2264, 51, 71, 1531
2265, 51, 73,  820
2266, 51, 74, 1974
2267, 51, 76, 1919
2268, 51, 77,  712
2269, 51, 78, 1568
2270, 51, 80, 1745
2271, 51, 85, 1051
2272, 51, 87,  343
2273, 51, 90, 1787
2274, 51, 92, 1619
2275, 51, 94, 2676
2276, 51, 98, 1137
2277, 51, 99, 2470
2278, 51,100, 1869
2279, 52, 53, 3641
2280, 52, 56, 3150
2281, 52, 57, 1650
2282, 52, 60, 2078
2283, 52, 63, 2972
2284, 52, 64, 1498
2285, 52, 65, 3641
2286, 52, 66, 3985
2287, 52, 68, 1159
2288, 52, 70, 4240
2289, 52, 73, 1325
2290, 52, 74, 3388
2291, 52, 75, 3070
2292, 52, 76, 1164
2293, 52, 79, 3508
2294, 52, 81, 1428
2295, 52, 82, 1261
2296, 52, 83, 1357
2297, 52, 84, 3380
2298, 52, 85,  863
2299, 52, 86, 1739
2300, 52, 87, 1364
2301, 52, 88, 3863
2302, 52, 89, 2758
2303, 52, 93, 2378
2304, 52, 94, 3951
2305, 52, 95, 1234
2306, 52, 97, 3199
2307, 52, 98, 2551
2308, 52,100,  730
2309, 53, 54, 2567
2310, 53, 55, 2852
2311, 53, 57, 2441
2312, 53, 59, 1339
2313, 53, 62, 2367
2314, 53, 63, 1114
2315, 53, 66,  793
2316, 53, 68, 2836
2317, 53, 70,  730
2318, 53, 72, 1081
2319, 53, 73, 2754
2320, 53, 74, 1254
2321, 53, 76, 3893
2322, 53, 77, 2329
2323, 53, 80, 1315
2324, 53, 83, 2893
2325, 53, 86, 2833
2326, 53, 87, 2619
2327, 53, 88,  435
2328, 53, 89, 1642
2329, 53, 90,  466
2330, 53, 91, 1544
2331, 53, 94,  669
2332, 53, 95, 3604
2333, 53, 97,  974
2334, 53, 98, 1949
2335, 53, 99, 1372
2336, 54, 55, 1734
2337, 54, 56, 1904
2338, 54, 57, 1657
2339, 54, 59, 2363
2340, 54, 62, 1936
2341, 54, 63, 1821
2342, 54, 65, 2440
2343, 54, 67, 1080
2344, 54, 71, 2391
2345, 54, 74, 2608
2346, 54, 75, 2112
2347, 54, 76, 1773
2348, 54, 79, 2459
2349, 54, 80, 1477
2350, 54, 81,  802
2351, 54, 82, 1067
2352, 54, 83, 1864
2353, 54, 85, 1063
2354, 54, 86, 1929
2355, 54, 87, 1184
2356, 54, 89, 1417
2357, 54, 92, 1508
2358, 54, 93, 1341
2359, 54, 96, 1520
2360, 54, 97, 1815
2361, 54, 99, 3055
2362, 54,100, 2360
2363, 55, 56, 2661
2364, 55, 57,  469
2365, 55, 58, 1114
2366, 55, 59, 2085
2367, 55, 60,  877
2368, 55, 61,  941
2369, 55, 62, 1024
2370, 55, 63, 1980
2371, 55, 64, 1451
2372, 55, 65, 3287
2373, 55, 66, 3060
2374, 55, 67, 1553
2375, 55, 68, 1194
2376, 55, 70, 3280
2377, 55, 71,  974
2378, 55, 73, 1423
2379, 55, 74, 2320
2380, 55, 75, 2518
2381, 55, 76, 1817
2382, 55, 77,  846
2383, 55, 78, 1373
2384, 55, 79, 2932
2385, 55, 80, 2418
2386, 55, 81,  999
2387, 55, 84, 2435
2388, 55, 86,  700
2389, 55, 87,  609
2390, 55, 88, 2918
2391, 55, 91, 1486
2392, 55, 94, 2995
2393, 55, 95, 2043
2394, 55, 96, 1368
2395, 55, 98, 1326
2396, 56, 57, 2222
2397, 56, 60, 2092
2398, 56, 63,  872
2399, 56, 65,  887
2400, 56, 66,  730
2401, 56, 68, 2366
2402, 56, 69, 2032
2403, 56, 71, 3347
2404, 56, 72, 1296
2405, 56, 76, 3195
2406, 56, 80,  614
2407, 56, 82, 2707
2408, 56, 83, 2803
2409, 56, 85, 2577
2410, 56, 86, 2269
2411, 56, 88, 1148
2412, 56, 89,  865
2413, 56, 90, 1021
2414, 56, 91, 1619
2415, 56, 92,  866
2416, 56, 94, 1554
2417, 56, 97,  588
2418, 56, 98, 1657
2419, 56, 99, 2057
2420, 57, 58, 1112
2421, 57, 59, 1979
2422, 57, 60,  746
2423, 57, 61,  839
2424, 57, 63, 1766
2425, 57, 64, 1272
2426, 57, 66, 2697
2427, 57, 69,  952
2428, 57, 70, 2780
2429, 57, 71, 1365
2430, 57, 72, 2105
2431, 57, 73, 1226
2432, 57, 74, 1850
2433, 57, 76, 2050
2434, 57, 77,  561
2435, 57, 78, 1441
2436, 57, 79, 2565
2437, 57, 80, 2215
2438, 57, 82, 1711
2439, 57, 83,  375
2440, 57, 84, 2295
2441, 57, 87,  513
2442, 57, 91, 1030
2443, 57, 93, 1071
2444, 57, 94, 2769
2445, 57, 97, 2392
2446, 57, 98, 1127
2447, 57, 99, 2697
2448, 57,100, 1720
2449, 58, 59, 1678
2450, 58, 60,  851
2451, 58, 61,  337
2452, 58, 63, 1124
2453, 58, 64, 1097
2454, 58, 66, 2245
2455, 58, 71, 2057
2456, 58, 73, 1046
2457, 58, 76, 2333
2458, 58, 77,  956
2459, 58, 78, 1808
2460, 58, 79, 1788
2461, 58, 80, 1349
2462, 58, 83, 1173
2463, 58, 85, 1029
2464, 58, 87,  850
2465, 58, 91, 1153
2466, 58, 93,  393
2467, 58, 94, 2151
2468, 58, 96, 2054
2469, 58, 99, 2130
2470, 59, 60, 1352
2471, 59, 61, 1927
2472, 59, 63, 1002
2473, 59, 64, 2636
2474, 59, 65, 1732
2475, 59, 66, 1693
2476, 59, 67, 1786
2477, 59, 71, 3184
2478, 59, 72,  478
2479, 59, 73, 2472
2480, 59, 74,  275
2481, 59, 77, 1548
2482, 59, 78, 3418
2483, 59, 79, 1205
2484, 59, 80, 1874
2485, 59, 81, 2265
2486, 59, 82, 3178
2487, 59, 83, 2467
2488, 59, 84,  846
2489, 59, 85, 2817
2490, 59, 86, 1723
2491, 59, 88, 1466
2492, 59, 89, 1814
2493, 59, 92, 1194
2494, 59, 94, 1483
2495, 59, 96, 3196
2496, 59, 97, 1491
2497, 59, 98, 1109
2498, 59,100, 3217
2499, 60, 61,  978
2500, 60, 62,  434
2501, 60, 64, 1712
2502, 60, 66, 2787
2503, 60, 67, 1171
2504, 60, 68, 1598
2505, 60, 70, 2576
2506, 60, 73, 1674
2507, 60, 74, 1442
2508, 60, 75, 1866
2509, 60, 79, 2043
2510, 60, 87,  882
2511, 60, 88, 2532
2512, 60, 89, 2200
2513, 60, 91,  694
2514, 60, 93, 1067
2515, 60, 95, 2330
2516, 60, 96, 1875
2517, 60, 97, 2309
2518, 60, 99, 2142
2519, 60,100, 1863
2520, 61, 62,  937
2521, 61, 64,  859
2522, 61, 65, 2353
2523, 61, 67,  902
2524, 61, 68,  609
2525, 61, 69,  487
2526, 61, 70, 2740
2527, 61, 72, 1702
2528, 61, 73,  640
2529, 61, 75, 1949
2530, 61, 81,  339
2531, 61, 82, 1650
2532, 61, 83,  808
2533, 61, 84, 2070
2534, 61, 85,  806
2535, 61, 87,  356
2536, 61, 89, 1529
2537, 61, 92, 1382
2538, 61, 93,  659
2539, 61, 94, 2741
2540, 61, 95, 1777
2541, 61, 98, 1182
2542, 61, 99, 2478
2543, 61,100, 1759
2544, 62, 63, 1495
2545, 62, 65, 2586
2546, 62, 66, 2610
2547, 62, 67, 1319
2548, 62, 68, 1248
2549, 62, 70, 2712
2550, 62, 72, 1543
2551, 62, 73, 1703
2552, 62, 77,  573
2553, 62, 78, 1862
2554, 62, 80, 2385
2555, 62, 81, 1233
2556, 62, 83, 1015
2557, 62, 84, 2054
2558, 62, 85, 1558
2559, 62, 87,  611
2560, 62, 88, 2432
2561, 62, 89, 2112
2562, 62, 91,  793
2563, 62, 92, 1568
2564, 62, 94, 2726
2565, 62, 95, 2533
2566, 62, 96, 1967
2567, 62, 97, 2287
2568, 62,100, 1793
2569, 63, 64, 1837
2570, 63, 65, 1404
2571, 63, 66, 1206
2572, 63, 67, 1145
2573, 63, 69, 1565
2574, 63, 71, 2943
2575, 63, 79,  942
2576, 63, 80, 1309
2577, 63, 81, 1775
2578, 63, 82, 2573
2579, 63, 83, 1974
2580, 63, 86, 1873
2581, 63, 87, 1817
2582, 63, 88, 1138
2583, 63, 89, 1054
2584, 63, 90,  517
2585, 63, 91,  884
2586, 63, 92,  451
2587, 63, 93,  780
2588, 63, 94, 1256
2589, 63, 96, 2801
2590, 63, 97,  854
2591, 63, 99, 1447
2592, 63,100, 2923
2593, 64, 65, 2369
2594, 64, 66, 2658
2595, 64, 67,  872
2596, 64, 70, 2619
2597, 64, 71, 2146
2598, 64, 72, 2165
2599, 64, 73,  435
2600, 64, 74, 2219
2601, 64, 75, 2080
2602, 64, 76, 1476
2603, 64, 78, 1676
2604, 64, 80, 1467
2605, 64, 81,  863
2606, 64, 82, 1241
2607, 64, 84, 2342
2608, 64, 87, 1379
2609, 64, 88, 2900
2610, 64, 89, 1210
2611, 64, 90, 2221
2612, 64, 92, 1778
2613, 64, 96, 1379
2614, 64, 97, 2099
2615, 64, 98, 1823
2616, 64,100, 2244
2617, 65, 66,  249
2618, 65, 67, 2021
2619, 65, 69, 2376
2620, 65, 70,  907
2621, 65, 72, 1581
2622, 65, 74, 1934
2623, 65, 75,  657
2624, 65, 80, 1070
2625, 65, 84, 1216
2626, 65, 86, 3072
2627, 65, 87, 2854
2628, 65, 88,  873
2629, 65, 90, 1109
2630, 65, 91, 1941
2631, 65, 92, 1030
2632, 65, 94, 1052
2633, 65, 95, 3655
2634, 65, 97,  648
2635, 65, 98, 2250
2636, 66, 67, 1979
2637, 66, 69, 2620
2638, 66, 71, 3920
2639, 66, 72, 1735
2640, 66, 76, 3958
2641, 66, 77, 2580
2642, 66, 78, 3691
2643, 66, 79,  794
2644, 66, 80, 1201
2645, 66, 83, 3059
2646, 66, 87, 2533
2647, 66, 88,  832
2648, 66, 89, 1525
2649, 66, 91, 2042
2650, 66, 94,  982
2651, 66, 95, 3720
2652, 66, 96, 3897
2653, 66, 98, 2153
2654, 66,100, 4282
2655, 67, 68, 1107
2656, 67, 69,  896
2657, 67, 71, 2594
2658, 67, 72, 1665
2659, 67, 73, 1047
2660, 67, 74, 1678
2661, 67, 75, 1136
2662, 67, 76, 2460
2663, 67, 77, 1261
2664, 67, 80, 1100
2665, 67, 82, 1668
2666, 67, 83, 1408
2667, 67, 84, 1728
2668, 67, 85, 1335
2669, 67, 87, 1222
2670, 67, 89,  947
2671, 67, 91, 1341
2672, 67, 94, 1942
2673, 67, 97, 1564
2674, 67, 99, 2087
2675, 67,100, 2568
2676, 68, 69,  819
2677, 68, 70, 3089
2678, 68, 72, 2359
2679, 68, 73,  574
2680, 68, 74, 2379
2681, 68, 75, 2388
2682, 68, 76, 1220
2683, 68, 77, 1197
2684, 68, 84, 2741
2685, 68, 88, 3147
2686, 68, 90, 2265
2687, 68, 91, 1974
2688, 68, 94, 3281
2689, 68, 95, 1294
2690, 68, 96, 1033
2691, 68, 97, 2306
2692, 68,100, 1495
2693, 69, 70, 2579
2694, 69, 71, 2050
2695, 69, 73,  381
2696, 69, 75, 1854
2697, 69, 77, 1251
2698, 69, 78, 1571
2699, 69, 79, 2543
2700, 69, 80, 1525
2701, 69, 81,  629
2702, 69, 82, 1326
2703, 69, 86, 1404
2704, 69, 87,  772
2705, 69, 88, 2585
2706, 69, 89, 1386
2707, 69, 90, 2201
2708, 69, 92, 1497
2709, 69, 94, 2898
2710, 69, 95, 1583
2711, 69, 96, 1431
2712, 69, 98, 1403
2713, 69, 99, 3022
2714, 69,100, 1689
2715, 70, 71, 4055
2716, 70, 72, 1508
2717, 70, 73, 2985
2718, 70, 74, 1749
2719, 70, 75, 1132
2720, 70, 77, 2611
2721, 70, 79,  757
2722, 70, 81, 2664
2723, 70, 84,  983
2724, 70, 87, 2649
2725, 70, 88,  312
2726, 70, 89, 1664
2727, 70, 91, 2241
2728, 70, 92, 1508
2729, 70, 93, 2193
2730, 70, 94,  412
2731, 70, 95, 3920
2732, 70, 97,  839
2733, 70, 98, 2201
2734, 70, 99, 1505
2735, 70,100, 4399
2736, 71, 72, 3114
2737, 71, 75, 3585
2738, 71, 77, 1737
2739, 71, 78,  822
2740, 71, 80, 3369
2741, 71, 84, 3391
2742, 71, 85, 1174
2743, 71, 86, 1340
2744, 71, 87, 1396
2745, 71, 88, 4175
2746, 71, 89, 3251
2747, 71, 90, 3301
2748, 71, 91, 2495
2749, 71, 92, 3150
2750, 71, 94, 4059
2751, 71, 95, 2047
2752, 71, 96,  989
2753, 71, 97, 3723
2754, 71, 99, 4098
2755, 71,100,  306
2756, 72, 73, 2249
2757, 72, 79,  714
2758, 72, 80, 1527
2759, 72, 81, 2032
2760, 72, 84,  608
2761, 72, 86, 1843
2762, 72, 87, 1795
2763, 72, 90,  623
2764, 72, 91, 1042
2765, 72, 93, 1128
2766, 72, 94, 1274
2767, 72, 96, 3258
2768, 72, 98, 1161
2769, 72, 99,  892
2770, 72,100, 3370
2771, 73, 74, 2493
2772, 73, 76, 1227
2773, 73, 77, 1438
2774, 73, 78, 1154
2775, 73, 79, 2577
2776, 73, 81,  646
2777, 73, 82, 1048
2778, 73, 84, 2554
2779, 73, 86, 1507
2780, 73, 87, 1012
2781, 73, 88, 3060
2782, 73, 89, 1810
2783, 73, 91, 1993
2784, 73, 94, 3240
2785, 73, 95, 1161
2786, 73,100, 1658
2787, 74, 75, 1443
2788, 74, 76, 3520
2789, 74, 77, 1347
2790, 74, 81, 2164
2791, 74, 82, 3117
2792, 74, 83, 2370
2793, 74, 86, 1716
2794, 74, 87, 1744
2795, 74, 88, 1247
2796, 74, 89, 2095
2797, 74, 91,  889
2798, 74, 92, 1279
2799, 74, 93, 1413
2800, 74, 94, 1518
2801, 74, 97, 1462
2802, 74, 98,  817
2803, 74, 99,  881
2804, 75, 76, 3364
2805, 75, 81, 2114
2806, 75, 82, 3001
2807, 75, 83, 2428
2808, 75, 85, 2526
2809, 75, 87, 2125
2810, 75, 88, 1082
2811, 75, 89,  946
2812, 75, 90,  791
2813, 75, 92,  642
2814, 75, 93, 1229
2815, 75, 95, 3036
2816, 75, 96, 3156
2817, 75, 97,  414
2818, 75,100, 3563
2819, 76, 77, 2377
2820, 76, 78, 1046
2821, 76, 79, 3934
2822, 76, 80, 3065
2823, 76, 81, 1771
2824, 76, 82,  830
2825, 76, 83, 2024
2826, 76, 85, 1442
2827, 76, 86, 2421
2828, 76, 91, 2751
2829, 76, 92, 3149
2830, 76, 93, 2507
2831, 76, 95,  505
2832, 76, 98, 3000
2833, 77, 78, 1923
2834, 77, 81,  943
2835, 77, 82, 2114
2836, 77, 83,  907
2837, 77, 85, 1556
2838, 77, 86,  845
2839, 77, 90, 1908
2840, 77, 92, 1407
2841, 77, 94, 2583
2842, 77, 95, 2447
2843, 77, 96, 2100
2844, 77, 97, 2139
2845, 77, 98,  485
2846, 78, 79, 3532
2847, 78, 81, 1584
2848, 78, 82,  936
2849, 78, 86, 1735
2850, 78, 87, 1540
2851, 78, 89, 2537
2852, 78, 90, 3477
2853, 78, 92, 2736
2854, 78, 93, 2137
2855, 78, 94, 3944
2856, 78, 95, 1241
2857, 78, 96,  177
2858, 78, 99, 4016
2859, 78,100,  839
2860, 79, 80, 1504
2861, 79, 82, 3253
2862, 79, 84,  441
2863, 79, 86, 2603
2864, 79, 87, 2513
2865, 79, 89, 1731
2866, 79, 90,  543
2867, 79, 91, 1411
2868, 79, 92, 1028
2869, 79, 93, 1678
2870, 79, 94,  615
2871, 79, 96, 3383
2872, 79, 99, 1035
2873, 79,100, 3781
2874, 80, 81, 1641
2875, 80, 82, 2553
2876, 80, 83, 2531
2877, 80, 84, 1760
2878, 80, 85, 2436
2879, 80, 86, 2321
2880, 80, 87, 2004
2881, 80, 88, 1525
2882, 80, 89,  543
2883, 80, 90, 1118
2884, 80, 94, 1559
2885, 80, 95, 2760
2886, 80, 96, 2752
2887, 80, 97,  573
2888, 80, 98, 1967
2889, 80, 99, 2072
2890, 81, 82, 1119
2891, 81, 84, 2218
2892, 81, 86, 1173
2893, 81, 88, 2831
2894, 81, 89, 1672
2895, 81, 90, 1956
2896, 81, 91, 1345
2897, 81, 93, 1191
2898, 81, 94, 2683
2899, 81, 96, 1463
2900, 81, 97, 2255
2901, 81, 98, 1360
2902, 81, 99, 2582
2903, 81,100, 1675
2904, 82, 83, 1551
2905, 82, 85,  831
2906, 82, 86, 2128
2907, 82, 87, 1459
2908, 82, 92, 2558
2909, 82, 93, 1877
2910, 82, 97, 2756
2911, 82, 99, 3723
2912, 83, 84, 2396
2913, 83, 86,  523
2914, 83, 87,  830
2915, 83, 88, 3259
2916, 83, 89, 2519
2917, 83, 90, 2507
2918, 83, 91, 1459
2919, 83, 92, 2003
2920, 83, 94, 3182
2921, 83, 95, 1911
2922, 83, 96, 1113
2923, 83, 97, 2855
2924, 84, 85, 2854
2925, 84, 86, 2080
2926, 84, 87, 2314
2927, 84, 88,  669
2928, 84, 89, 1743
2929, 84, 93, 1633
2930, 84, 94,  856
2931, 84, 98, 1269
2932, 84, 99,  745
2933, 85, 86, 1369
2934, 85, 88, 3029
2935, 85, 90, 2439
2936, 85, 91, 1725
2937, 85, 92, 2058
2938, 85, 93, 1615
2939, 85, 96, 1010
2940, 85, 97, 2607
2941, 85,100, 1131
2942, 86, 87,  612
2943, 86, 88, 2974
2944, 86, 91, 1099
2945, 86, 94, 3061
2946, 86, 98, 1244
2947, 87, 88, 2511
2948, 87, 91, 1271
2949, 87, 94, 2742
2950, 87, 96, 1347
2951, 87, 97, 2126
2952, 87, 98,  989
2953, 87, 99, 2616
2954, 88, 89, 1825
2955, 88, 90,  946
2956, 88, 91, 1901
2957, 88, 92, 1416
2958, 88, 93, 1930
2959, 88, 94,  226
2960, 88, 96, 3874
2961, 88, 97,  980
2962, 88, 99, 1052
2963, 88,100, 4094
2964, 89, 90, 1370
2965, 89, 92,  889
2966, 89, 94, 1816
2967, 89, 95, 2557
2968, 89, 96, 2570
2969, 89, 97,  758
2970, 89, 98, 1539
2971, 89, 99, 2390
2972, 89,100, 3133
2973, 90, 91, 1236
2974, 90, 92,  850
2975, 90, 93, 1067
2976, 90, 94,  937
2977, 90, 95, 3353
2978, 90, 96, 3233
2979, 90, 99,  965
2980, 91, 92, 1352
2981, 91, 93,  961
2982, 91, 95, 2700
2983, 91, 96, 2374
2984, 91,100, 2560
2985, 92, 93,  822
2986, 92, 94, 1331
2987, 92, 98, 1318
2988, 92, 99, 1741
2989, 93, 94, 1893
2990, 93, 96, 2307
2991, 93, 97, 1558
2992, 93, 99, 1863
2993, 93,100, 2350
2994, 94, 95, 4104
2995, 94, 97, 1024
2996, 94, 98, 2184
2997, 95, 96,  940
2998, 95, 97, 3195
2999, 95, 98, 2718
3000, 95,100, 1559
3001, 96, 97, 3246
3002, 96, 98, 2229
3003, 96,100,  906
3004, 97, 98, 1784
3005, 97,100, 3725
3006, 98, 99, 1881
3007, 98,100, 2504
3008, 99,100, 3970
EOF
