Instance: g_20_42.txt
Is already Eulerian? False
Elapsed time: 0.0364298820496 seconds 
Total cost found: 158 Route cost: 149 Match cost: 9
Sugested route: (0, 1) (1, 2) (2, 3) (3, 4) (4, 8) (8, 3) (3, 7) (7, 1) (1, 6) (6, 0) (0, 5) (5, 6) (6, 7) (7, 8) (8, 9) (9, 4) (4, 9) (9, 14) (14, 8) (8, 13) (13, 12) (12, 6) (6, 11) (11, 5) (5, 10) (10, 11) (11, 7) (7, 12) (12, 11) (11, 16) (16, 10) (10, 15) (15, 16) (16, 12) (12, 17) (17, 16) (16, 17) (17, 18) (18, 12) (12, 7) (7, 13) (13, 14) (14, 19) (19, 18) (18, 13) (13, 8) (8, 3) (3, 2) (2, 1) (1, 0)

Instance: g_20_42.txt
Is already Eulerian? False
Elapsed time: 0.187957048416 seconds 
Total cost found: 158 Route cost: 149 Match cost: 9
Sugested route: (0, 1) (1, 2) (2, 3) (3, 4) (4, 8) (8, 3) (3, 7) (7, 1) (1, 6) (6, 0) (0, 5) (5, 6) (6, 7) (7, 8) (8, 9) (9, 4) (4, 9) (9, 14) (14, 8) (8, 13) (13, 12) (12, 6) (6, 11) (11, 5) (5, 10) (10, 11) (11, 7) (7, 12) (12, 11) (11, 16) (16, 10) (10, 15) (15, 16) (16, 12) (12, 17) (17, 16) (16, 17) (17, 18) (18, 12) (12, 7) (7, 13) (13, 14) (14, 19) (19, 18) (18, 13) (13, 8) (8, 3) (3, 2) (2, 1) (1, 0)

Instance: g_20_42.txt
Is already Eulerian? False
Elapsed time: 0.0350050926208 seconds 
Total cost found: 158 Route cost: 149 Match cost: 9
Sugested route: (0, 1) (1, 2) (2, 3) (3, 4) (4, 8) (8, 3) (3, 7) (7, 1) (1, 6) (6, 0) (0, 5) (5, 6) (6, 7) (7, 8) (8, 9) (9, 4) (4, 9) (9, 14) (14, 8) (8, 13) (13, 12) (12, 6) (6, 11) (11, 5) (5, 10) (10, 11) (11, 7) (7, 12) (12, 11) (11, 16) (16, 10) (10, 15) (15, 16) (16, 12) (12, 17) (17, 16) (16, 17) (17, 18) (18, 12) (12, 7) (7, 13) (13, 14) (14, 19) (19, 18) (18, 13) (13, 8) (8, 3) (3, 2) (2, 1) (1, 0)

